A 0 3 1 1 1 1 0 0 
A 1 2 3 3 0 0 1 -10 
A 0 3 2 2 0 0 1 0 
A 1 2 3 3 0 0 0 -10 
Res 1 Res 4 
A 3 5 3 2 1 1 0 3 2 2 1 0 0 
A 2 4 1 5 5 1 0 2 1 1 0 0 1 
A 0 2 3 3 4 5 4 1 0 0 1 -10 2 
A 1 3 0 3 4 5 4 1 0 0 0 -10 1 
A 1 2 3 3 0 0 0 -10 -10 -10 
A 0 2 3 3 4 5 5 0 0 0 0 0 -10 
A 2 4 1 5 0 2 5 0 0 0 0 0 0 
Res 9 Res 10 Res 9 
A 0 4 5 2 7 9 2 1 2 8 1 6 10 6 10 6 10 1 2 1 0 0 1 2 1 2 1 2 
A 4 6 10 8 9 3 2 9 1 9 5 0 1 5 0 3 3 3 2 2 3 1 2 1 0 1 1 0 
A 3 2 8 10 0 4 0 1 4 7 9 1 6 7 9 6 7 2 2 1 1 2 0 3 3 0 2 1 
A 3 2 1 4 5 1 4 5 6 8 7 9 9 7 10 10 8 0 1 1 0 2 1 2 3 5 3 4 
A 5 10 3 2 7 9 0 4 2 1 1 4 4 6 6 7 7 1 2 1 1 2 0 2 3 0 1 0 
A 3 2 7 9 0 5 6 10 0 1 5 6 10 8 1 8 1 2 2 1 0 0 1 1 1 -10 0 1 
A 0 1 4 5 3 7 9 0 5 1 6 8 6 10 9 10 8 1 1 0 0 0 1 2 1 -10 3 4 
A 3 2 1 4 5 2 6 4 5 8 9 7 4 10 4 10 8 0 0 1 0 3 1 1 2 -10 2 3 
A 0 4 5 2 7 9 0 1 5 1 8 6 10 6 9 10 8 0 1 0 0 0 0 2 1 -10 3 4 
A 0 1 4 5 0 6 3 3 8 4 9 7 4 10 4 10 8 1 0 0 1 3 1 1 2 -10 2 3 
A 4 6 10 3 2 7 0 5 2 1 7 8 6 1 1 5 8 0 2 1 0 0 2 1 0 -10 0 0 
A 3 2 7 9 6 10 0 1 5 0 5 1 1 9 8 10 0 2 0 0 0 1 1 0 -10 2 -10 
A 1 9 7 4 10 3 2 9 0 1 5 0 5 1 10 8 0 1 0 0 0 1 0 0 -10 1 -10 
A 0 2 6 0 4 5 3 9 7 3 8 4 4 10 7 0 0 0 1 1 1 0 -10 -10 1 -10 
A 0 1 4 5 3 7 9 6 10 1 9 0 5 1 8 10 0 0 0 0 0 0 0 0 -10 1 -10 
A 3 2 1 1 4 5 3 7 9 6 10 1 9 5 10 0 0 0 0 0 -10 0 0 -10 1 -10 
A 1 9 7 4 10 3 2 7 0 1 5 0 3 5 0 0 0 0 0 -10 0 -10 -10 0 -10 
Res 15 Res 3 Res 14 Res 1 Res 6 Res 16 Res 8 Res 4 Res 8 Res 6 
